150                        
570                        
156                        
154                        
500                        
161                        
520                        
160                        
148                        
500                        
560                        
156                        
500                        
156                        
159                        
152                        
156                        
570                        
540                        
710                        
160                        
148                        
460                        
155                        
152                        
550                        
530                        
150                        
500                        
460                        
150                        
530                        
410                        
580                        
620                        
165                        
152                        
570                        
430                        
153                        
580                        
147                        
510                        
430                        
150                        
148                        
148                        
157                        
163                        
155                        
144                        
156                        
580                        
540                        
143                        
161                        
154                        
720                        
153                        
152                        
420                        
159                        
530                        
146                        
160                        
151                        
154                        
146                        
167                        
370                        
157                        
740                        
154                        
148                        
640                        
158                        
145                        
144                        
530                        
530                        
147                        
610                        
150                        
156                        
152                        
149                        
510                        
162                        
560                        
660                        
151                        
150                        
149                        
720                        
340                        
155                        
153                        
154                        
570                        
550                        
146                        
156                        
157                        
151                        
500                        
640                        
590                        
680                        
150                        
150                        
156                        
161                        
158                        
159                        
440                        
152                        
153                        
160                        
152                        
158                        
160                        
158                        
155                        
162                        
150                        
530                        
163                        
158                        
149                        
340                        
580                        
152                        
620                        
149                        
149                        
154                        
159                        
155                        
430                        
149                        
630                        
650                        
156                        
151                        
149                        
158                        
150                        
154                        
650                        
660                        
440                        
560                        
530                        
590                        
550                        
153                        
500                        
590                        
330                        
148                        
148                        
600                        
680                        
159                        
530                        
580                        
740                        
170                        
510                        
154                        
154                        
159                        
157                        
550                        
149                        
460                        
156                        
154                        
430                        
146                        
720                        
156                        
144                        
168                        
580                        
154                        
153                        
640                        
580                        
161                        
149                        
140                        
155                        
640                        
142                        
157                        
0                        
157                        
680                        
152                        
151                        
147                        
320                        
670                        
660                        
150                        
161                        
150                        
158                        
450                        
620                        
164                        
550                        
154                        
460                        
590                        
157                        
540                        
350                        
148                        
154                        
162                        
153                        
144                        
154                        
290                        
470                        
167                        
660                        
161                        
640                        
450                        
150                        
146                        
152                        
580                        
155                        
520                        
660                        
153                        
147                        
153                        
530                        
155                        
160                        
152                        
580                        
620                        
146                        
370                        
158                        
680                        
154                        
530                        
410                        
158                        
590                        
154                        
146                        
151                        
154                        
152                        
153                        
144                        
600                        
150                        
640                        
156                        
154                        
620                        
163                        
158                        
160                        
142                        
148                        
159                        
610                        
570                        
690                        
400                        
610                        
159                        
153                        
500                        
320                        
153                        
550                        
158                        
154                        
148                        
540                        
450                        
150                        
550                        
570                        
690                        
147                        
156                        
560                        
570                        
144                        
157                        
157                        
154                        
440                        
147                        
380                        
153                        
540                        
160                        
600                        
153                        
159                        
152                        
550                        
340                        
580                        
600                        
162                        
157                        
158                        
570                        
153                        
520                        
162                        
530                        
154                        
650                        
500                        
147                        
620                        
149                        
550                        
410                        
600                        
150                        
580                        
670                        
151                        
520                        
156                        
440                        
150                        
156                        
161                        
700                        
152                        
151                        
620                        
310                        
600                        
600                        
149                        
530                        
700                        
730                        
310                        
149                        
155                        
680                        
700                        
159                        
158                        
147                        
150                        
430                        
740                        
158                        
152                        
156                        
610                        
154                        
149                        
149                        
162                        
530                        
450                        
520                        
155                        
150                        
470                        
650                        
155                        
550                        
690                        
154                        
520                        
146                        
146                        
350                        
145                        
153                        
560                        
650                        
470                        
154                        
148                        
320                        
147                        
420                        
148                        
550                        
158                        
147                        
149                        
150                        
148                        
590                        
400                        
161                        
152                        
540                        
480                        
147                        
600                        
680                        
550                        
450                        
154                        
156                        
630                        
145                        
380                        
157                        
430                        
600                        
550                        
151                        
570                        
153                        
590                        
153                        
150                        
560                        
142                        
155                        
157                        
154                        
540                        
610                        
157                        
340                        
161                        
153                        
165                        
155                        
153                        
161                        
510                        
148                        
160                        
150                        
160                        
660                        
660                        
160                        
520                        
690                        
630                        
152                        
640                        
149                        
630                        
640                        
520                        
290                        
165                        
630                        
155                        
141                        
490                        
154                        
600                        
154                        
490                        
450                        
640                        
143                        
157                        
680                        
156                        
157                        
146                        
162                        
146                        
152                        
620                        
450                        
157                        
154                        
510                        
450                        
620                        
500                        
151                        
155                        
570                        
149                        
500                        
147                        
660                        
148                        
153                        
148                        
740                        
660                        
157                        
145                        
148                        
153                        
390                        
144                        
154                        
500                        
155                        
600                        
630                        
143                        
151                        
510                        
157                        
530                        
380                        
146                        
150                        
152                        
490                        
152                        
151                        
410                        
650                        
155                        
510                        
510                        
610                        
161                        
640                        
142                        
530                        
700                        
740                        
155                        
149                        
540                        
630                        
600                        
161                        
152                        
153                        
440                        
320                        
700                        
350                        
510                        
680                        
147                        
161                        
147                        
480                        
630                        
480                        
460                        
460                        
139                        
152                        
152                        
570                        
151                        
152                        
610                        
149                        
650                        
490                        
159                        
145                        
550                        
161                        
560                        
660                        
151                        
154                        
580                        
155                        
155                        
155                        
640                        
148                        
156                        
720                        
154                        
500                        
650                        
149                        
154                        
148                        
660                        
150                        
152                        
530                        
520                        
680                        
152                        
660                        
153                        
149                        
150                        
167                        
600                        
400                        
600                        
152                        
530                        
151                        
580                        
164                        
161                        
153                        
147                        
500                        
157                        
147                        
560                        
152                        
151                        
148                        
340                        
650                        
540                        
155                        
152                        
147                        
760                        
720                        
159                        
730                        
